     ctx temp task        ptok  TTFT s  tok/s acc.len  per-pos acceptance
-------------------------------------------------------------------------
   1,000  0.6 code       1,073    0.51   52.1    1.98  0.59 / 0.39
   1,000  0.6 code_ts    1,075    0.48   50.3    1.94  0.60 / 0.34
   1,000  0.6 edit       1,091    0.51   56.5    2.19  0.70 / 0.48
 128,000  0.6 code     128,073    2.16   54.1    2.12  0.69 / 0.44
 128,000  0.6 code_ts  128,075    1.44   49.5    1.92  0.60 / 0.32
 128,000  0.6 edit     131,564    3.47   52.9    2.07  0.63 / 0.44

wrote results/mtp_ab-20260928-0059/K2.json
